0 283
0 870
0 450
0 277
0 357
0 65
0 616
0 510
0 169
0 882
1 243
1 348
1 430
1 99
1 712
1 419
1 743
1 250
1 104
1 824
2 356
2 661
2 843
2 385
2 315
2 870
2 642
2 654
3 847
3 370
3 784
3 755
3 472
3 169
3 521
3 38
3 565
3 479
4 876
4 29
4 815
4 886
4 956
4 543
4 72
4 635
4 156
5 792
5 224
5 615
5 624
5 142
5 742
5 871
5 562
6 836
6 369
6 564
6 366
6 550
6 873
6 76
6 516
6 780
7 582
7 360
7 440
7 181
7 102
8 592
8 290
8 908
8 74
8 978
8 49
8 475
9 131
9 849
9 614
9 45
9 172
9 829
9 9
9 225
9 273
9 474
9 438
9 812
10 829
10 202
10 837
10 587
10 193
10 475
10 25
10 785
10 305
10 838
10 473
10 227
10 100
10 729
10 543
10 551
11 507
11 490
11 114
11 403
11 848
11 651
11 242
11 906
11 503
12 862
12 544
12 847
12 121
12 80
12 53
13 322
13 732
13 534
13 950
13 191
13 914
13 659
13 862
14 138
14 305
14 143
14 638
14 283
14 348
14 461
14 454
14 801
14 32
14 803
15 521
15 728
15 945
15 876
15 738
15 768
15 92
15 813
16 210
16 705
16 182
16 404
16 186
17 443
17 827
17 666
17 823
17 202
17 552
17 659
17 937
17 575
17 304
17 546
18 231
18 845
18 918
18 892
18 272
18 904
18 64
18 614
18 619
18 596
18 906
19 995
19 58
19 425
19 380
19 537
19 146
19 481
19 766
19 904
19 888
20 270
20 845
20 874
20 819
20 244
20 747
20 223
20 748
21 880
21 662
21 110
21 345
21 963
21 263
21 519
21 832
22 900
22 54
22 246
22 650
22 282
22 283
22 708
22 684
22 535
22 168
23 2
23 221
23 75
23 347
23 632
23 968
23 472
23 120
23 491
23 664
23 23
23 169
23 171
23 301
23 558
23 285
23 210
24 588
24 308
24 932
24 509
24 553
24 966
24 488
24 327
24 337
25 71
25 800
25 390
25 682
25 216
25 983
25 595
25 119
25 628
25 337
25 765
25 771
25 191
25 907
26 501
26 807
26 465
26 332
26 186
26 358
26 173
26 530
26 973
27 265
27 678
27 191
27 942
27 666
27 807
27 495
27 7
27 539
27 115
27 934
28 742
28 193
28 448
28 49
28 172
28 323
28 738
28 29
28 218
28 255
29 222
29 552
29 409
29 599
29 334
29 650
29 627
29 86
29 697
29 174
29 746
30 406
30 378
30 864
30 839
30 341
30 220
30 855
30 377
30 373
30 291
30 991
30 573
30 994
30 60
31 736
31 388
31 514
31 210
31 622
31 78
31 684
31 166
31 607
32 224
32 139
32 580
32 725
32 480
32 102
32 79
32 800
32 285
32 55
32 302
32 743
32 785
33 970
33 645
33 723
33 6
33 565
33 928
33 488
33 641
33 241
33 435
33 793
33 63
34 326
34 816
34 204
34 391
34 626
34 585
34 784
34 413
34 933
34 591
34 717
34 265
34 189
34 511
34 882
34 846
34 953
34 187
34 158
34 293
34 821
35 363
35 464
35 598
35 423
36 203
36 438
36 823
36 265
36 501
36 745
36 726
36 769
36 761
37 779
37 692
37 740
37 299
37 909
37 445
37 959
37 455
37 502
37 88
38 237
38 50
38 939
38 996
38 260
38 429
38 591
38 574
38 857
38 612
38 173
38 764
39 593
39 197
39 499
39 336
39 734
39 620
39 716
39 771
39 874
39 636
39 462
39 11
40 906
40 583
40 332
40 440
40 715
40 461
40 310
40 298
40 444
40 680
41 886
41 263
41 837
41 530
41 638
41 509
41 152
41 673
41 878
41 954
41 41
42 815
42 833
42 25
43 108
43 978
43 568
43 389
43 980
43 910
43 575
43 754
43 157
43 352
43 860
43 560
43 404
43 899
44 633
44 509
44 360
44 641
44 124
44 736
44 393
44 452
44 997
44 130
44 471
44 676
45 332
45 113
45 721
45 892
45 823
45 635
45 236
45 655
45 286
45 861
45 697
45 555
45 621
45 514
45 314
46 681
46 8
46 731
46 571
46 645
46 489
46 974
46 72
46 848
46 152
47 905
47 42
47 785
47 804
48 670
48 172
48 434
48 233
48 561
48 524
48 810
48 627
48 437
49 557
49 844
49 900
49 726
49 21
49 322
49 295
49 908
49 597
49 553
49 122
49 775
50 912
50 252
50 2
50 426
50 550
50 143
50 870
50 221
50 624
50 435
50 785
50 448
50 507
51 107
51 897
51 481
51 791
51 924
51 122
51 209
51 611
51 311
51 14
51 690
52 732
52 543
52 320
52 713
52 369
52 540
52 575
52 987
52 501
53 905
53 121
53 968
53 413
53 806
53 426
53 319
53 872
54 542
54 375
54 242
54 520
54 24
54 167
54 418
54 641
54 98
54 267
54 630
54 439
54 602
54 246
54 541
54 156
54 550
54 664
55 608
55 365
55 424
55 875
55 544
55 884
55 59
55 810
55 763
55 710
55 770
56 441
56 296
56 291
56 325
56 879
57 406
57 978
57 740
57 147
57 46
57 253
57 895
57 29
58 161
58 434
58 381
58 880
58 70
58 520
58 77
59 368
59 204
59 852
59 704
59 291
59 589
59 80
59 81
60 475
60 154
60 315
60 523
60 452
60 124
60 653
60 389
60 194
60 78
60 540
60 987
61 48
61 808
61 758
61 653
61 336
61 502
61 663
61 487
61 357
61 861
62 345
62 410
62 557
62 193
62 980
62 82
62 28
62 272
62 702
63 232
63 507
63 880
63 349
63 74
63 305
63 35
63 711
63 875
63 642
64 998
64 781
64 169
64 535
64 677
64 979
64 820
64 29
64 384
64 821
64 592
64 973
65 615
65 668
65 573
65 547
65 954
65 676
65 192
66 213
66 839
66 86
66 273
66 885
66 530
66 133
66 923
66 195
66 846
66 784
66 29
66 358
66 68
66 892
67 803
67 111
67 587
67 464
67 580
67 410
67 2
67 835
67 271
67 684
67 21
67 909
67 550
68 291
68 697
68 773
68 146
68 230
68 430
68 990
68 663
68 760
68 821
68 206
68 856
69 780
69 134
69 224
69 347
69 249
69 747
70 159
70 114
70 241
70 7
70 598
70 102
70 322
70 444
70 839
70 148
71 331
71 563
71 442
71 450
71 898
71 104
71 696
71 722
72 560
72 372
72 816
72 806
72 313
72 23
72 362
72 387
72 568
72 733
73 941
73 373
73 364
73 492
73 376
73 130
73 78
73 900
73 913
74 880
74 744
74 25
74 241
74 573
75 833
75 35
75 418
75 884
75 331
75 479
75 610
75 635
75 756
75 860
75 775
75 703
75 565
76 756
76 843
76 889
76 784
76 918
76 626
76 20
76 609
76 36
76 465
76 44
76 583
76 676
76 852
76 18
76 847
76 552
77 927
77 338
77 282
77 677
77 152
77 340
78 482
78 491
78 457
78 83
78 308
79 455
79 811
79 729
79 809
79 755
79 436
80 397
80 730
80 633
80 890
80 561
81 403
81 521
81 509
81 288
81 905
81 400
81 188
81 944
81 469
81 409
82 413
82 952
82 172
82 183
82 714
82 570
82 717
82 977
83 218
83 622
83 241
83 661
83 468
83 400
83 699
83 375
83 960
83 145
84 564
84 488
84 27
84 178
84 166
84 415
84 904
84 940
84 714
84 806
84 443
84 199
84 556
85 57
85 625
85 556
85 274
85 744
85 713
85 971
85 796
85 742
85 104
85 852
85 127
85 659
85 972
86 303
86 445
86 66
86 244
86 757
86 579
86 146
86 900
87 212
87 145
87 652
87 723
87 105
87 554
87 36
87 591
87 9
87 595
87 481
88 142
88 460
88 618
88 419
88 349
88 955
88 404
88 3
88 847
88 743
89 279
89 502
89 973
89 578
89 707
89 324
89 368
89 49
89 341
90 95
90 866
90 729
90 266
90 348
90 122
90 632
90 108
91 540
91 589
91 639
91 497
91 512
91 491
91 786
91 581
92 193
92 79
92 797
92 624
92 924
92 73
92 479
92 68
92 952
92 389
92 892
92 202
92 872
92 766
92 42
92 149
92 253
92 886
92 241
93 828
93 284
93 70
93 346
93 661
93 403
93 810
93 796
93 905
94 354
94 979
94 518
94 387
94 728
94 179
94 130
94 949
94 192
94 310
94 924
94 7
95 186
95 355
95 194
95 458
95 526
95 157
95 255
95 33
95 722
95 316
96 574
96 696
96 943
96 972
96 428
96 729
97 693
97 19
97 199
97 582
97 129
97 280
97 544
97 711
97 277
97 700
97 319
98 509
98 661
98 403
98 343
98 100
98 86
98 190
98 152
98 415
98 149
98 825
99 83
99 976
99 193
99 32
99 490
99 22
99 556
99 13
99 469
99 152
99 540
99 437
99 994
99 136
100 240
100 541
100 169
100 362
100 809
100 480
100 13
100 591
101 413
101 507
101 94
101 927
101 969
101 336
101 425
101 404
101 610
101 501
101 598
101 91
102 290
102 700
102 509
102 514
102 147
102 932
102 296
103 43
103 643
103 938
103 858
103 450
103 945
103 246
103 786
104 901
104 685
104 481
104 230
104 896
104 947
105 109
105 457
105 542
105 329
105 311
105 609
105 381
106 440
106 449
106 372
106 582
106 423
106 986
106 209
106 386
107 494
107 419
107 465
107 501
107 140
107 762
107 862
107 869
108 548
108 456
108 625
108 318
108 461
109 815
109 589
109 865
109 707
109 486
109 84
109 997
109 931
109 519
109 871
109 393
109 301
109 454
109 671
110 180
110 882
110 106
110 5
110 9
110 170
110 101
110 173
111 566
111 492
111 606
111 855
111 105
111 209
111 196
111 485
111 875
111 740
112 190
112 412
112 1
112 490
112 89
112 121
113 408
113 286
113 26
113 261
113 643
113 125
113 378
114 87
114 47
114 0
114 493
114 143
114 261
114 554
114 299
114 673
114 328
114 757
115 255
115 402
115 274
115 899
115 387
115 778
116 840
116 378
116 670
116 31
117 88
117 790
117 793
117 989
117 165
117 844
117 337
117 102
117 176
117 710
117 357
117 433
117 752
117 983
118 860
118 433
118 531
118 613
118 57
118 599
118 352
118 55
119 757
119 791
119 884
119 308
119 182
119 418
119 714
119 544
119 928
119 801
120 765
120 920
120 435
120 966
120 784
120 9
120 109
120 936
121 34
121 614
121 466
121 469
121 102
121 920
121 753
121 566
122 447
122 288
122 525
122 273
122 143
122 786
122 653
122 866
122 278
123 251
123 915
123 801
123 304
123 116
123 809
123 371
123 812
123 490
123 627
123 312
123 940
124 530
124 186
124 182
124 58
124 653
124 998
124 527
124 86
124 285
125 541
125 7
125 851
125 669
125 559
125 935
125 193
125 994
125 85
125 282
126 993
126 162
126 364
126 90
126 223
126 921
126 650
127 324
127 246
127 902
127 456
127 249
127 894
127 166
127 484
127 497
128 528
128 635
128 971
128 841
128 543
128 763
128 616
128 657
128 585
128 272
128 485
128 527
128 595
128 463
129 15
129 785
129 948
129 721
129 843
129 890
129 413
129 275
129 64
129 836
130 262
130 753
130 494
130 873
130 263
130 864
130 469
130 191
130 209
130 468
130 661
130 284
130 395
130 982
130 522
130 107
130 819
130 814
130 264
131 474
131 489
131 584
131 427
131 547
131 825
131 496
131 105
131 556
132 739
132 492
132 389
132 250
132 842
132 189
132 306
133 754
133 675
133 490
133 947
133 976
133 308
133 761
133 2
133 347
133 997
133 635
133 786
133 863
133 337
134 43
134 225
134 434
134 433
134 321
134 718
134 541
135 89
135 917
135 101
135 923
135 443
135 320
135 207
135 243
135 864
136 67
136 466
136 176
137 45
137 665
137 372
137 908
137 289
137 929
137 671
137 293
137 784
137 462
137 842
137 828
138 267
138 775
138 849
138 807
138 852
138 587
138 362
138 861
138 733
138 662
138 326
138 265
139 807
139 437
139 253
139 458
139 487
139 339
139 107
139 284
139 242
139 180
139 625
140 441
140 918
140 399
140 940
140 830
140 116
140 21
140 931
140 190
140 815
140 101
140 61
140 602
141 438
141 829
141 246
141 71
141 148
141 68
141 755
141 214
141 276
141 974
142 60
142 730
142 397
142 929
142 183
142 204
142 923
142 186
142 782
142 855
142 471
143 138
143 721
143 639
143 699
143 800
143 609
143 847
143 9
143 349
143 244
143 379
143 215
143 650
143 781
144 590
144 385
144 658
144 381
144 676
144 549
144 451
144 481
144 353
144 782
144 613
144 291
145 646
145 852
145 581
145 544
145 410
145 685
145 740
145 825
145 652
145 248
145 574
145 267
145 994
145 123
146 779
146 900
146 761
146 571
146 791
146 985
147 978
147 279
147 952
147 941
147 442
147 47
147 629
147 6
148 452
148 758
148 100
148 904
148 233
148 44
148 577
148 986
148 861
148 395
149 575
149 643
149 285
149 823
149 780
149 828
149 534
149 868
149 230
149 636
149 883
150 920
150 400
150 888
150 289
150 788
150 462
150 84
150 362
150 475
151 684
151 647
151 690
151 714
151 931
151 232
151 784
151 685
151 562
151 754
151 648
152 889
152 867
152 293
152 778
152 183
152 708
152 652
152 894
153 100
153 17
153 870
153 288
153 687
153 673
153 762
153 835
153 37
153 201
153 149
153 249
153 829
153 18
154 597
154 177
154 742
154 883
154 144
154 703
154 515
154 333
154 772
155 343
155 517
155 500
155 24
155 385
155 936
155 377
155 70
156 527
156 478
156 875
156 969
156 183
156 134
156 668
156 10
156 856
156 283
156 861
156 404
156 341
157 936
157 41
157 470
157 788
157 74
157 432
157 940
157 761
157 294
157 59
157 91
157 593
157 992
157 560
157 884
158 534
158 515
158 856
158 0
158 77
158 461
158 478
158 773
158 207
158 628
159 631
159 233
159 857
159 468
159 104
159 160
159 888
159 122
160 438
160 233
160 341
160 823
161 608
161 696
161 641
161 928
161 5
161 703
161 560
161 199
162 444
162 136
162 375
162 548
162 971
162 825
162 632
162 509
162 469
162 82
163 933
163 209
163 878
163 594
163 905
163 89
163 686
163 262
163 264
163 383
164 843
164 108
164 473
164 644
164 222
164 441
164 231
164 769
164 528
164 368
164 221
164 349
164 224
164 534
164 708
165 810
165 91
165 850
165 558
165 754
165 134
165 310
165 773
165 587
165 616
165 155
165 948
166 545
166 948
166 249
166 492
166 49
166 773
167 750
167 97
167 87
167 857
168 331
168 300
168 506
168 659
168 78
168 41
168 632
169 549
169 982
169 148
169 440
169 612
169 42
169 409
169 601
169 220
170 184
170 491
170 234
170 577
170 570
170 976
170 836
170 615
171 487
171 409
171 602
171 959
171 260
171 712
171 914
171 566
171 833
172 666
172 770
172 918
172 538
172 361
172 138
172 54
172 904
173 872
173 880
173 776
173 969
173 94
173 382
173 663
173 583
173 101
173 287
173 314
174 387
174 181
174 566
174 862
174 629
174 850
174 253
174 635
174 892
174 393
174 126
174 788
174 366
175 32
175 25
175 583
175 233
175 874
175 777
175 480
175 869
176 36
176 328
176 544
176 656
176 37
176 347
176 504
176 817
176 622
176 314
176 514
176 319
177 212
177 624
177 685
177 443
177 395
177 446
177 668
177 605
178 831
178 323
178 390
178 416
178 286
178 679
178 497
178 628
178 8
179 163
179 165
179 166
179 319
179 671
179 672
179 660
180 693
180 685
180 281
180 628
180 248
180 290
180 454
180 508
181 629
181 361
181 657
181 67
181 497
181 338
181 478
181 984
181 609
181 789
181 688
181 435
181 658
181 153
182 682
182 633
182 520
182 677
182 174
182 724
182 388
182 563
182 444
182 803
183 462
183 761
183 732
183 924
183 835
183 207
183 660
184 15
184 851
184 872
184 391
184 753
184 336
184 422
184 343
184 574
184 681
184 297
184 868
185 707
185 40
185 367
185 685
185 322
185 220
185 906
185 460
185 543
185 260
185 692
185 60
186 882
186 317
186 849
186 865
186 539
186 448
186 940
186 779
186 151
187 154
187 45
187 893
187 101
187 575
187 629
187 847
187 383
188 406
188 818
188 79
188 683
188 206
189 686
189 578
189 471
189 103
189 202
189 383
189 147
189 477
189 160
189 86
190 997
190 485
190 225
190 162
190 228
190 199
190 711
190 558
191 611
191 879
191 121
191 132
191 345
191 482
192 518
192 993
192 627
192 90
192 677
192 539
192 712
192 217
192 451
192 212
192 472
192 728
192 0
192 214
192 147
192 291
192 211
193 375
193 403
193 506
193 316
193 231
193 268
193 641
193 526
193 334
193 532
194 622
194 563
194 630
194 87
194 131
194 215
195 874
195 424
195 120
195 832
195 990
195 878
195 261
195 837
195 927
195 748
195 910
195 555
195 43
195 415
196 676
196 296
196 80
196 706
196 273
196 210
196 500
196 215
196 986
196 452
196 935
196 126
196 115
196 790
196 802
196 927
196 859
197 189
197 935
197 522
197 627
197 632
197 506
197 488
197 724
197 659
198 323
198 813
198 748
198 64
198 291
198 795
198 80
198 472
198 895
198 99
198 697
199 288
199 739
199 817
199 368
199 114
199 812
199 100
199 144
199 950
199 499
200 294
200 307
200 902
200 141
200 100
200 99
200 811
201 436
201 102
201 712
201 54
201 43
201 794
201 172
201 917
201 491
201 28
202 273
202 685
202 888
202 330
202 479
202 354
202 496
202 962
202 632
202 348
202 138
203 511
203 788
203 514
203 979
203 875
203 684
204 125
204 769
204 342
204 336
204 982
204 731
204 168
204 632
204 73
204 826
204 559
204 185
204 761
205 704
205 912
205 325
205 244
205 68
205 372
205 536
205 800
205 770
205 966
205 28
206 461
206 577
206 214
206 713
206 837
206 3
206 323
206 43
206 691
207 30
207 943
207 513
207 720
207 155
207 9
207 309
207 0
207 563
207 569
208 540
208 559
208 652
208 655
208 810
209 1
209 229
209 801
209 549
209 990
209 252
209 83
209 253
209 87
209 122
209 466
209 611
209 955
209 931
209 516
210 765
210 480
210 682
210 343
210 1
210 609
211 872
211 270
211 46
211 828
211 421
211 725
211 450
211 900
211 794
211 37
212 243
212 37
212 480
212 663
212 931
212 881
213 590
213 146
213 205
213 166
213 358
213 264
213 991
213 22
213 269
214 445
214 684
214 941
214 999
214 180
215 405
215 650
215 245
215 63
215 532
215 836
215 268
215 318
215 688
215 741
215 145
215 556
215 412
216 641
216 305
216 279
216 126
216 24
216 244
216 199
216 475
216 124
216 901
216 605
217 367
217 260
217 179
217 71
217 566
217 177
217 245
217 384
217 146
217 509
217 717
217 365
217 732
217 63
218 946
218 435
218 242
218 276
218 127
219 233
219 123
219 800
219 260
219 360
219 586
219 488
219 97
219 381
219 593
219 430
219 135
219 959
219 449
219 669
219 872
219 583
220 48
220 687
220 630
220 605
220 857
220 792
220 894
220 357
221 8
221 536
221 290
221 982
221 569
221 308
221 496
221 918
221 894
222 740
222 843
222 303
222 692
222 276
222 866
222 651
222 92
222 510
222 956
223 680
223 148
223 898
223 170
223 229
223 48
223 669
223 808
223 784
223 41
223 104
224 642
224 661
224 584
224 650
224 475
224 417
224 62
224 106
224 334
224 190
224 721
224 358
224 607
224 808
224 662
224 776
224 556
224 9
224 409
224 773
225 918
225 917
225 652
225 566
225 392
225 396
225 679
225 382
225 947
225 666
226 425
226 881
226 791
226 448
226 921
226 309
226 16
226 201
227 197
227 391
227 294
227 983
227 607
227 477
227 735
227 342
227 171
227 638
228 259
228 415
228 277
228 338
228 261
228 167
228 679
228 166
228 488
228 879
229 643
229 918
229 408
229 672
229 962
229 633
230 26
230 254
230 59
230 827
230 606
230 191
230 94
231 382
231 179
231 523
231 274
231 8
231 370
231 22
231 165
231 671
231 709
231 733
231 907
231 120
231 627
231 569
232 682
232 381
232 890
232 277
232 356
232 5
232 961
233 477
233 933
233 25
233 177
233 39
233 372
233 725
233 154
233 260
234 923
234 148
234 190
234 113
234 434
234 222
234 872
234 204
234 672
234 15
235 382
235 427
235 515
235 118
235 484
235 318
235 868
235 284
235 92
235 123
235 428
236 553
236 175
236 489
236 33
236 323
236 885
236 549
236 276
236 328
236 338
236 873
236 77
236 210
236 851
237 976
237 672
237 942
237 975
237 582
237 878
237 869
237 205
237 424
237 880
237 414
237 611
237 271
238 99
238 187
238 944
238 341
238 155
238 678
238 477
238 219
238 500
238 966
239 429
239 664
239 246
239 690
239 592
239 406
239 382
239 434
240 278
240 761
240 162
240 872
240 465
240 334
240 449
240 249
240 131
240 690
240 406
241 461
241 748
241 938
241 830
241 840
241 865
241 697
241 113
242 172
242 665
242 875
242 864
242 673
242 177
242 679
242 149
243 878
243 714
243 882
243 919
243 830
243 367
243 311
243 769
243 215
243 369
244 534
244 452
244 469
244 421
244 312
244 703
244 661
244 290
245 355
245 723
245 316
245 523
245 27
245 269
245 863
245 721
245 886
245 917
245 915
245 379
246 421
246 885
246 486
246 60
246 535
246 750
246 20
246 42
246 537
246 728
246 577
246 857
247 256
247 456
247 681
247 403
247 725
247 619
247 329
247 947
247 457
247 538
247 848
247 109
248 769
248 943
248 166
248 913
248 969
248 332
248 935
248 665
248 52
249 752
249 171
249 888
249 675
249 776
249 279
249 576
249 193
249 730
250 780
250 413
250 248
250 508
250 273
250 650
250 353
250 348
250 382
251 418
251 361
251 637
251 522
251 677
251 345
251 393
251 372
251 740
252 762
252 829
252 366
252 544
252 515
252 710
252 270
252 833
252 664
252 89
252 893
253 700
253 660
253 358
253 844
253 950
253 529
253 148
253 510
253 278
253 514
253 362
253 263
253 101
253 940
254 102
254 117
254 619
254 916
254 508
254 604
254 588
254 962
254 330
254 964
254 872
254 810
255 212
255 768
255 374
255 478
255 243
255 920
255 739
255 499
255 553
255 697
255 384
256 400
256 48
256 402
256 760
256 211
256 71
256 841
256 320
256 658
256 450
256 807
256 0
256 408
256 830
257 811
257 471
257 230
257 412
257 390
257 503
257 616
257 591
257 620
257 941
257 798
258 924
258 389
258 76
258 183
258 23
258 28
258 369
258 233
258 810
258 805
259 27
259 735
259 204
259 196
259 76
259 772
259 15
259 872
259 992
259 804
260 926
260 53
260 855
260 101
260 857
260 805
260 733
260 195
260 426
260 985
261 493
261 937
261 389
261 324
261 88
261 504
261 624
261 647
261 62
262 52
262 577
262 574
262 214
262 71
262 157
262 402
263 629
263 973
263 774
263 671
263 368
264 565
264 148
264 398
264 941
264 59
264 667
264 889
264 700
264 677
265 578
265 470
265 121
265 795
265 182
265 380
266 599
266 165
266 280
266 945
266 529
266 226
266 568
266 615
266 459
266 690
266 761
266 586
266 185
266 695
267 623
267 382
267 219
267 239
267 839
267 588
267 898
267 748
267 702
268 465
268 531
268 518
268 896
268 59
268 238
268 76
269 436
269 952
269 205
269 81
269 768
269 355
269 167
269 984
269 897
269 178
269 160
270 917
270 424
270 943
270 286
271 468
271 886
271 60
271 421
271 441
271 165
271 365
271 11
271 486
271 150
271 811
271 613
272 31
272 824
272 413
272 698
272 825
272 987
272 607
272 592
272 309
272 557
272 480
272 845
272 736
272 491
272 767
272 889
273 887
273 111
273 529
273 222
273 894
273 717
273 685
273 192
273 200
274 627
274 327
274 559
274 251
275 541
275 476
275 775
275 526
275 390
275 270
275 91
275 773
275 114
275 795
275 9
275 37
276 156
276 384
276 291
276 418
276 433
276 680
276 421
276 0
276 407
276 886
276 516
276 986
276 88
276 241
277 531
277 158
277 39
277 130
277 102
277 352
277 335
277 303
277 656
278 265
278 78
278 380
278 103
278 435
278 989
278 466
279 291
279 423
279 790
279 161
279 617
279 225
279 518
279 579
279 72
280 22
280 634
280 675
280 93
280 124
280 401
280 612
280 653
281 501
281 641
281 987
281 232
281 711
281 87
281 869
281 266
282 695
282 213
282 825
282 414
282 681
282 662
282 815
282 849
282 745
282 295
283 785
283 176
283 423
283 924
283 956
283 141
283 545
283 692
283 132
283 852
283 523
283 798
284 801
284 122
284 133
284 374
284 286
284 827
285 770
285 421
285 157
285 269
285 363
285 905
285 198
285 52
285 752
285 542
285 341
285 626
285 635
285 284
285 619
285 174
286 247
286 702
286 723
286 558
286 592
286 42
286 76
286 403
286 129
287 324
287 32
287 761
287 307
287 159
287 105
287 837
288 406
288 110
288 606
288 125
288 319
288 823
289 805
289 922
289 753
289 563
289 544
290 173
290 360
290 755
290 76
290 438
290 638
291 645
291 789
291 370
291 819
291 173
291 8
291 118
291 309
292 658
292 775
292 636
292 60
292 14
292 768
292 66
292 263
292 840
292 68
293 215
293 610
293 639
293 468
293 413
293 87
293 320
293 557
293 793
293 723
294 919
294 298
294 861
294 976
294 62
294 423
294 188
294 936
294 13
294 859
295 529
295 691
295 601
295 901
295 811
295 984
295 987
295 505
295 730
296 783
296 51
296 380
296 548
297 130
297 17
297 815
297 399
297 194
297 753
297 833
297 630
297 419
297 731
297 481
297 774
297 539
297 132
297 716
297 795
297 773
297 402
298 857
298 355
298 600
298 101
298 679
298 439
298 401
298 371
298 348
298 77
298 508
298 406
298 447
299 280
299 335
299 648
299 927
299 106
299 422
299 359
299 609
299 610
300 875
300 119
300 422
300 305
300 100
300 163
301 982
301 29
301 118
301 190
301 705
301 714
301 382
301 241
301 153
302 310
302 807
302 192
302 384
302 921
302 145
302 937
302 746
302 174
302 66
302 257
302 222
303 995
303 100
303 199
303 878
303 852
303 919
303 349
303 894
303 392
303 205
303 326
303 526
303 366
303 121
304 68
304 356
304 684
304 201
304 257
305 13
305 720
305 511
305 798
305 326
305 296
305 684
305 706
305 876
305 757
305 918
305 39
305 690
305 577
306 711
306 85
306 698
307 584
307 22
307 428
307 461
307 831
307 717
307 769
307 690
308 533
308 764
308 132
308 995
308 759
308 150
308 916
308 842
308 97
308 123
308 10
308 431
309 242
309 731
309 938
309 704
309 372
309 342
309 754
309 573
309 175
310 349
310 528
310 596
310 628
310 547
311 695
311 754
311 250
311 893
311 805
311 421
311 187
311 490
311 964
312 212
312 138
312 117
312 706
312 363
312 613
312 621
312 116
312 99
312 254
312 573
312 18
313 876
313 699
313 906
313 855
314 720
314 162
314 884
314 441
314 334
314 821
314 996
314 854
314 166
314 784
314 164
314 835
314 202
314 609
314 497
315 619
315 105
315 623
315 796
315 803
315 204
316 598
316 364
316 344
316 387
316 924
316 452
316 999
316 240
316 512
316 760
316 827
316 947
317 72
317 110
317 184
317 400
317 317
317 248
317 195
317 237
317 199
318 389
318 742
318 200
318 500
318 815
318 744
318 348
318 826
318 416
318 971
319 307
319 509
319 673
319 56
319 0
319 728
319 665
319 656
319 544
319 567
319 19
319 327
319 256
319 939
319 522
320 433
320 379
320 778
320 963
320 105
320 274
320 731
320 906
320 288
320 729
320 554
320 132
320 911
321 968
321 677
321 578
321 10
321 569
321 768
321 152
321 114
321 650
321 738
322 476
322 523
322 55
322 756
322 882
323 366
323 877
323 493
323 27
323 388
323 737
323 908
323 528
323 537
324 727
324 359
324 493
324 386
324 850
324 624
324 885
324 267
324 910
324 441
324 375
324 255
324 699
325 324
325 436
325 695
325 403
325 280
325 287
325 289
325 466
325 712
325 969
325 753
325 363
325 817
326 818
326 616
326 329
326 434
326 969
326 27
326 82
326 765
326 55
326 45
326 787
326 292
326 748
326 519
327 229
327 5
327 183
327 28
327 464
327 645
327 750
327 924
327 688
327 1
327 385
327 243
327 533
328 52
328 386
328 991
328 158
328 312
328 921
329 330
329 329
329 691
329 994
329 850
329 279
329 988
329 753
329 386
330 887
330 230
330 351
330 56
330 855
330 465
330 349
331 195
331 663
331 783
331 82
331 488
331 296
331 413
332 21
332 965
332 692
332 794
332 7
332 482
332 397
332 316
332 919
332 884
332 191
332 40
332 795
332 763
332 184
332 134
332 3
333 417
333 208
333 74
333 721
333 188
333 99
333 182
333 246
333 46
333 712
333 451
333 657
334 206
334 873
334 426
334 631
334 331
334 252
334 854
334 782
334 790
335 796
335 516
335 129
335 168
335 67
335 68
335 276
335 691
335 461
335 376
335 513
335 847
335 917
336 444
336 302
336 775
336 786
336 542
336 500
336 996
336 307
337 539
337 304
337 754
337 338
337 886
337 395
337 811
337 422
337 848
337 91
337 248
337 913
338 571
338 523
338 19
338 859
338 516
338 585
338 725
338 600
338 660
338 897
339 235
339 216
339 520
339 690
339 265
339 56
339 138
339 113
339 231
340 200
340 491
340 708
340 535
340 237
340 121
341 222
341 844
341 859
341 680
341 417
341 438
341 920
341 794
341 15
341 615
342 995
342 541
342 685
342 799
342 612
342 31
342 423
342 550
342 737
342 930
342 693
342 32
342 453
342 859
342 390
342 681
343 462
343 55
343 121
343 516
343 58
343 540
343 328
343 277
343 842
343 641
343 359
344 757
344 251
344 378
344 663
344 596
344 73
344 8
345 309
345 598
345 145
345 391
345 33
345 379
345 540
345 949
345 972
346 866
346 718
346 886
346 521
346 574
346 703
346 403
346 572
346 840
347 190
347 493
347 508
347 761
347 244
347 878
347 645
347 420
347 932
347 589
347 624
348 171
348 363
348 193
348 567
348 307
348 830
348 880
348 78
348 43
348 875
348 71
349 679
349 320
349 58
349 651
349 945
349 845
349 694
349 174
349 801
349 781
349 774
349 185
349 71
349 707
349 90
349 971
349 777
350 163
350 204
350 171
350 906
350 353
350 71
350 515
350 781
351 580
351 329
351 91
351 220
351 300
351 298
351 941
351 984
351 711
351 545
351 305
351 119
352 888
352 454
352 101
352 193
352 430
352 318
352 796
352 524
352 403
352 969
352 606
352 61
353 337
353 144
353 72
353 903
353 713
353 125
353 338
353 902
353 915
354 883
354 542
354 815
354 293
354 931
354 284
354 310
354 942
354 462
354 145
354 465
354 76
355 941
355 663
355 184
355 355
355 724
355 153
355 834
355 522
355 735
355 753
356 718
356 933
356 559
356 405
356 524
356 110
356 692
356 366
356 459
356 569
356 722
356 344
356 137
357 608
357 810
357 412
357 289
357 215
358 9
358 198
358 523
358 545
358 237
358 708
358 379
358 975
358 874
359 264
359 754
359 821
359 375
359 315
359 742
359 435
359 494
359 904
359 858
359 92
359 189
360 307
360 713
360 606
360 210
360 351
360 386
360 888
360 80
361 497
361 525
361 704
361 758
361 98
361 553
361 7
361 446
361 104
362 33
362 135
362 964
362 489
362 537
362 503
362 382
362 979
363 340
363 357
363 70
363 658
363 963
363 872
363 528
364 249
364 246
364 190
364 208
364 690
364 224
364 369
364 355
364 54
365 504
365 292
365 240
365 83
365 9
365 46
365 794
365 730
365 138
365 867
365 592
365 647
365 306
366 339
366 929
366 318
366 3
366 819
366 165
366 456
366 392
367 954
367 322
367 248
367 324
367 816
368 704
368 347
368 32
368 238
368 382
368 674
369 782
369 714
369 950
369 54
369 578
369 913
369 126
369 403
369 229
370 719
370 425
370 227
370 859
370 340
370 921
370 533
370 993
370 0
370 789
370 935
370 238
371 705
371 726
371 38
371 166
371 650
371 90
371 669
371 367
371 631
371 873
371 180
371 937
372 183
372 88
372 809
372 598
373 430
373 444
373 331
373 297
373 408
373 61
373 650
373 946
373 558
373 677
374 168
374 373
374 444
374 980
374 67
374 173
374 337
374 356
374 167
374 654
375 567
375 370
375 284
375 872
375 975
375 996
375 228
375 341
375 178
375 403
375 251
375 351
375 6
375 459
376 497
376 359
376 682
376 690
376 253
376 548
376 391
376 919
376 143
376 395
376 100
376 33
377 715
377 830
377 114
377 728
377 294
377 880
377 101
377 15
377 615
377 14
377 532
377 452
378 654
378 3
378 889
378 631
378 734
378 918
378 937
378 843
378 705
379 61
379 393
379 729
379 355
379 228
379 468
379 977
380 573
380 946
380 554
380 243
380 196
380 920
380 602
380 694
380 335
381 584
381 823
381 39
381 576
381 158
381 895
381 750
382 905
382 202
382 47
382 868
382 315
382 137
382 603
382 851
382 112
382 578
383 229
383 201
383 485
383 159
383 568
383 593
383 949
383 87
383 61
383 777
383 296
383 789
383 320
383 675
384 52
384 886
384 531
384 973
384 369
384 832
384 176
384 560
384 541
384 983
384 558
385 20
385 668
385 639
385 32
385 320
385 150
385 61
385 997
385 243
386 88
386 630
386 827
386 610
386 929
387 66
387 819
387 330
387 298
387 312
387 951
387 580
387 33
387 559
388 497
388 441
388 753
388 427
388 752
388 82
388 439
388 781
388 811
389 931
389 950
389 633
389 61
389 456
389 894
389 384
390 154
390 408
390 840
390 371
390 367
391 737
391 354
391 303
391 794
391 175
391 502
391 376
391 314
391 593
391 211
391 754
391 13
391 494
391 711
392 857
392 726
392 665
392 0
393 356
393 797
393 642
393 684
393 244
393 108
393 959
393 988
394 71
394 78
394 747
394 725
394 139
394 639
394 804
394 77
394 395
394 100
394 232
394 619
395 764
395 361
395 944
395 6
395 778
395 388
395 57
395 800
395 955
395 84
396 616
396 968
396 145
396 668
396 972
396 462
396 382
396 322
397 457
397 429
397 39
397 74
397 854
397 418
397 2
397 414
397 612
397 733
397 765
397 96
397 197
397 336
397 265
398 779
398 122
398 591
398 256
398 866
398 762
398 47
398 767
398 697
398 218
399 706
399 649
399 304
399 699
399 335
399 449
399 290
399 956
399 997
400 295
400 784
400 370
400 615
400 460
400 87
400 269
400 75
400 206
400 416
400 185
400 475
401 508
401 875
401 253
401 311
401 131
401 123
401 816
401 302
401 238
401 597
401 942
401 385
402 106
402 937
402 43
402 67
402 86
402 520
402 955
402 857
402 877
402 828
403 389
403 435
403 924
403 591
403 821
403 714
403 988
403 960
403 802
403 987
403 683
404 978
404 179
404 296
404 809
404 290
404 634
404 351
404 794
404 656
404 407
404 218
404 410
404 154
404 801
404 746
405 460
405 696
405 356
405 915
405 449
405 128
405 389
405 234
406 286
406 273
406 920
406 171
406 786
406 95
406 774
406 876
406 937
406 700
406 784
406 394
406 521
407 405
407 786
407 509
407 961
407 514
407 642
407 833
407 607
408 72
408 876
408 353
408 766
408 319
408 894
408 545
408 821
409 742
409 552
409 83
409 280
409 82
409 251
409 791
409 25
409 94
409 586
409 662
409 232
409 690
409 173
409 411
410 678
410 100
410 512
410 934
410 235
410 875
410 656
410 263
410 794
410 195
410 773
411 438
411 870
411 565
411 281
411 223
411 560
411 658
411 633
411 860
411 642
412 255
412 794
412 771
412 123
412 431
413 833
413 722
413 270
413 866
413 535
413 11
413 429
413 152
413 681
413 713
413 817
413 744
413 873
413 761
414 687
414 147
414 839
414 788
414 769
414 539
414 336
414 444
414 555
414 41
414 406
415 246
415 989
415 517
415 141
415 39
415 197
415 634
415 148
416 827
416 643
416 856
416 913
416 177
416 218
416 487
416 734
416 654
417 60
417 278
417 976
417 585
417 549
417 962
417 619
417 58
417 531
417 52
417 782
417 600
417 890
418 644
418 993
418 730
418 48
418 329
418 215
418 454
418 440
418 64
419 96
419 966
419 430
419 565
419 132
419 883
420 384
420 437
420 6
420 859
420 234
420 774
420 261
420 50
420 141
420 958
420 162
420 221
420 508
421 771
421 80
421 460
421 791
421 992
421 674
421 4
421 513
421 312
421 899
421 66
422 129
422 252
422 248
422 894
422 982
422 358
422 762
422 524
422 621
423 555
423 571
423 404
423 722
423 270
423 324
423 276
423 676
424 93
424 37
424 486
424 521
424 830
424 44
425 409
425 135
425 97
425 73
425 967
425 167
425 712
425 566
425 979
425 828
426 576
426 340
426 739
426 736
426 569
426 539
426 824
426 552
426 394
427 28
427 279
427 30
427 826
427 312
427 89
427 174
427 521
427 175
427 479
427 115
427 871
428 516
428 708
428 943
428 470
428 101
428 171
428 976
428 481
428 711
428 686
429 615
429 836
429 576
429 668
429 543
429 15
429 472
429 993
429 869
429 571
429 173
429 706
430 171
430 329
430 575
430 763
430 528
430 652
430 863
431 467
431 477
431 121
431 675
431 47
431 39
431 881
431 615
431 341
432 74
432 474
432 852
432 776
432 479
432 345
432 781
432 503
432 993
432 997
432 637
433 694
433 44
433 766
433 570
433 572
433 13
433 926
433 529
433 308
433 136
433 31
433 66
433 307
433 833
433 967
434 533
434 753
434 947
434 838
434 662
435 247
435 590
435 889
435 440
435 668
435 736
435 576
435 528
435 588
435 0
436 652
436 62
436 132
436 320
436 470
436 18
436 797
436 58
436 553
436 99
436 39
436 967
436 368
436 24
436 283
437 542
437 154
437 635
437 883
437 889
437 839
437 119
437 257
438 416
438 617
438 672
438 86
438 536
438 497
438 857
438 972
439 125
439 868
439 341
439 516
439 819
439 958
439 750
439 25
439 245
439 393
440 633
440 776
440 873
440 247
440 315
440 122
440 754
440 110
440 372
440 790
440 721
440 328
440 967
440 940
441 469
441 713
441 795
441 706
441 596
441 852
441 51
441 201
442 799
442 888
442 374
442 685
442 291
442 26
442 828
443 405
443 612
443 824
443 346
443 271
443 638
443 964
444 776
444 924
444 728
444 296
444 116
444 100
444 148
444 434
444 983
444 519
445 807
445 722
445 810
445 48
445 197
445 165
445 132
446 540
446 912
446 320
446 246
446 676
446 595
447 315
447 141
447 879
447 964
447 678
447 498
448 830
448 930
448 169
448 50
448 78
448 279
448 963
448 475
448 708
448 101
448 114
449 71
449 515
449 217
449 467
449 160
449 869
449 824
449 20
449 657
449 50
450 813
450 820
450 839
450 724
450 375
450 661
450 403
450 442
450 271
450 531
450 23
450 499
450 830
450 775
451 960
451 212
451 294
451 527
451 27
451 131
451 100
451 346
451 3
452 829
452 573
452 128
452 312
452 436
452 717
452 761
452 411
452 759
452 675
452 658
453 315
453 79
453 259
453 355
454 862
454 251
454 714
454 895
454 883
454 110
454 155
454 190
454 867
454 715
454 339
454 564
454 927
454 216
454 986
454 555
454 461
455 507
455 94
455 901
455 203
455 884
455 896
455 126
455 103
455 874
455 960
456 494
456 219
456 142
456 980
456 710
456 543
456 60
456 355
456 320
456 370
456 619
456 647
457 891
457 610
457 857
457 72
457 774
457 182
458 479
458 930
458 372
458 298
458 706
458 217
458 652
458 330
458 903
458 499
459 138
459 498
459 150
459 950
459 164
459 775
459 142
459 232
460 50
460 769
460 504
460 807
460 580
460 822
460 300
460 286
460 179
460 761
461 88
461 791
461 750
461 110
461 521
462 438
462 658
462 666
462 924
462 581
462 702
462 975
462 632
462 663
462 411
462 545
463 912
463 887
463 934
463 394
463 642
463 888
463 980
463 562
463 955
463 77
463 371
463 424
464 137
464 372
464 924
464 927
464 338
464 872
464 123
464 478
464 764
464 440
464 203
464 918
464 684
465 980
465 298
465 4
465 447
466 760
466 447
466 805
466 65
466 838
466 926
466 791
466 404
466 93
467 566
467 349
467 603
467 949
467 84
467 816
467 997
467 302
467 726
467 40
467 132
468 118
468 157
468 34
468 669
468 328
468 958
468 4
468 26
468 343
468 641
469 692
469 232
469 57
469 555
469 388
469 256
470 203
470 498
470 728
470 991
470 196
470 576
470 231
470 253
470 232
470 540
470 179
471 822
471 995
471 457
471 329
471 950
471 699
471 242
471 681
471 3
472 267
472 277
472 929
472 473
472 959
472 801
472 864
472 762
472 262
472 920
473 944
473 368
473 681
473 634
473 82
473 763
473 204
473 869
473 167
473 942
473 39
473 754
473 686
473 619
473 124
473 74
473 783
474 215
474 819
474 46
474 820
474 919
474 379
474 868
474 818
475 232
475 758
475 649
475 875
475 853
475 707
475 528
475 398
475 67
475 682
475 287
476 487
476 615
476 31
476 157
476 658
476 431
476 16
476 729
476 542
477 116
477 180
477 743
477 487
477 723
477 668
477 666
477 285
478 224
478 751
478 641
478 400
478 655
478 6
478 775
478 233
478 189
478 992
478 809
478 460
478 270
478 842
479 104
479 204
479 18
479 943
479 366
479 391
479 224
479 589
479 180
479 797
480 149
480 745
480 49
480 981
480 727
480 257
480 934
481 466
481 486
481 807
481 796
481 739
481 305
481 37
481 431
481 224
481 776
482 984
482 594
482 78
482 393
482 923
482 441
482 897
482 692
482 634
482 254
482 877
482 795
482 166
482 856
482 835
483 476
483 478
483 311
483 373
483 137
483 103
483 121
483 930
483 669
483 783
483 939
483 573
483 314
483 949
484 477
484 519
484 745
484 801
484 852
484 0
485 951
485 565
485 770
485 509
485 154
485 202
485 79
485 253
486 48
486 386
486 97
486 793
486 676
486 522
486 939
486 547
486 419
486 761
486 665
486 137
487 864
487 902
487 394
487 912
487 529
487 926
487 795
487 376
487 398
487 20
487 209
487 307
488 691
488 539
488 527
488 352
488 498
488 944
488 783
488 70
488 947
488 839
489 559
489 886
489 575
489 217
489 0
489 749
489 245
489 563
489 372
489 759
490 229
490 438
490 127
490 878
490 112
490 531
490 261
490 227
490 583
490 422
491 547
491 499
491 201
491 556
491 604
491 871
491 571
491 481
491 255
491 349
491 254
492 359
492 839
492 501
492 442
492 143
492 468
492 102
492 556
492 409
492 104
492 176
492 808
492 916
492 840
492 142
493 355
493 885
493 573
493 679
493 890
493 266
493 20
493 903
493 537
494 53
494 167
494 315
494 983
494 639
494 369
494 165
494 558
494 909
494 160
494 713
494 472
495 357
495 199
495 34
495 809
495 423
495 391
496 952
496 45
496 264
496 56
496 420
496 164
496 149
496 530
496 797
496 895
496 897
496 176
496 301
496 585
496 112
496 347
496 306
497 424
497 690
497 500
497 591
497 890
497 643
497 456
497 405
497 828
497 720
497 366
497 205
497 70
497 683
497 750
497 348
497 893
497 955
497 937
498 37
498 189
498 294
498 51
498 993
498 271
498 382
498 767
498 351
498 639
498 92
498 320
498 683
499 626
499 42
499 906
499 0
499 294
499 284
499 746
500 828
500 566
500 340
500 553
500 898
500 318
500 519
500 633
500 397
500 653
501 495
501 532
501 100
501 893
501 75
501 157
501 432
501 137
501 744
501 350
501 213
501 164
501 916
501 270
501 138
502 62
502 974
502 711
502 952
502 558
502 274
502 285
502 336
502 946
502 342
503 336
503 479
503 55
503 985
503 218
503 665
503 220
503 44
503 77
503 522
503 293
503 544
503 422
504 872
504 881
504 382
504 807
504 561
504 856
504 562
504 632
504 893
504 57
504 972
504 656
504 376
504 686
505 185
505 561
505 450
505 80
505 112
505 355
505 952
505 645
505 914
506 360
506 342
506 965
506 936
506 119
506 512
506 809
506 162
506 575
506 718
507 256
507 955
507 199
507 358
507 854
507 547
507 758
507 263
508 570
508 305
508 851
508 236
508 853
508 918
508 543
508 740
509 687
509 641
509 383
509 178
509 159
509 264
509 171
509 244
509 532
509 710
509 625
510 729
510 9
510 450
510 958
510 337
510 84
510 515
511 818
511 936
511 106
511 346
511 27
511 535
511 309
511 431
511 270
511 650
511 351
511 405
511 507
512 704
512 841
512 623
512 893
512 353
512 817
512 32
512 86
513 54
513 652
513 343
513 709
513 987
513 714
513 905
513 132
513 253
514 719
514 746
514 200
514 300
514 342
514 750
514 705
515 907
515 350
515 189
515 593
515 315
515 590
515 817
515 342
515 381
515 905
516 455
516 481
516 227
516 997
516 459
516 573
516 592
516 208
516 626
516 24
516 107
517 787
517 140
517 640
517 334
517 256
517 723
517 68
518 355
518 21
518 165
518 207
518 889
518 286
518 347
518 169
519 870
519 995
519 840
519 239
519 20
519 183
519 702
519 609
519 393
520 751
520 339
520 568
520 910
520 858
520 911
520 573
520 832
520 710
520 463
520 986
520 717
520 455
521 341
521 178
521 12
521 550
521 782
521 965
521 348
521 956
521 170
521 112
521 306
522 197
522 226
522 611
522 200
522 514
522 1
522 579
522 655
522 503
522 601
522 534
522 180
523 274
523 377
523 807
523 703
523 796
523 947
523 927
523 373
523 33
524 956
524 48
524 484
524 862
524 887
524 25
524 59
524 217
524 402
524 691
524 958
524 909
524 713
524 878
524 805
524 854
525 79
525 27
525 622
525 22
525 175
525 489
525 382
525 295
525 918
526 601
526 237
526 649
526 312
526 343
526 105
526 704
526 928
527 0
527 135
527 755
527 119
527 113
527 40
527 970
527 427
527 575
527 918
527 869
528 837
528 483
528 706
528 927
528 944
528 687
528 278
528 312
528 110
528 699
528 701
528 241
528 220
529 384
529 989
529 555
529 697
529 242
529 96
529 739
529 704
529 682
529 18
529 315
529 629
530 369
530 905
530 178
530 359
530 176
530 166
530 678
530 428
530 693
531 623
531 862
531 667
531 110
531 846
531 5
531 507
531 752
531 296
532 44
532 326
532 63
532 830
532 556
532 581
532 403
532 15
532 45
532 532
532 427
532 767
532 433
532 407
533 45
533 305
533 69
533 394
533 561
533 95
533 913
533 662
533 110
533 248
533 728
533 824
533 685
533 153
533 431
533 126
534 96
534 632
534 864
534 196
534 322
534 833
534 311
535 317
535 402
535 605
535 183
535 950
535 452
535 680
535 482
535 17
535 614
535 736
536 148
536 136
536 563
536 491
536 125
536 180
536 371
536 733
536 987
536 237
536 409
536 459
536 711
536 836
537 980
537 533
537 476
537 493
537 69
537 521
537 103
537 804
537 127
537 580
537 774
537 187
537 581
538 675
538 284
538 432
538 600
538 858
538 258
538 60
538 654
538 252
538 625
538 577
539 220
539 304
539 291
539 191
539 33
539 754
539 102
539 998
539 375
539 906
539 314
539 433
539 933
539 681
540 663
540 462
540 35
540 134
540 317
540 171
540 593
540 165
540 256
540 915
540 810
540 348
540 746
541 64
541 226
541 127
541 794
541 851
541 461
541 842
541 488
541 197
542 349
542 663
542 952
542 149
542 813
542 808
542 238
542 102
542 708
542 275
542 859
542 696
542 780
542 615
542 865
543 897
543 702
543 227
543 160
543 83
543 58
543 271
543 873
543 893
544 448
544 621
544 370
544 371
544 597
544 48
544 902
544 610
544 29
544 573
544 345
544 89
544 839
545 642
545 836
545 732
545 748
545 790
545 323
545 872
545 124
545 769
545 464
545 385
545 195
545 599
545 362
546 670
546 443
546 112
546 914
546 430
546 401
546 31
547 787
547 0
547 740
547 592
547 915
547 397
547 344
548 833
548 321
548 296
548 541
548 475
548 730
548 803
548 599
548 512
548 297
549 810
549 587
549 50
549 424
549 569
549 627
549 156
549 995
549 476
550 401
550 380
550 720
550 417
550 103
550 487
550 356
550 43
550 923
550 995
550 862
550 566
551 565
551 805
551 12
551 987
551 106
551 972
552 873
552 272
552 549
552 514
552 127
552 924
552 909
553 579
553 738
553 581
553 447
553 911
553 153
553 311
553 551
553 59
554 502
554 652
554 591
554 481
554 878
554 471
554 833
554 344
554 280
554 974
554 903
555 711
555 761
555 551
555 880
555 390
555 407
556 878
556 624
556 919
556 439
556 148
556 78
556 41
556 150
556 748
556 392
556 470
557 711
557 659
557 869
557 500
557 123
557 558
557 683
557 900
558 968
558 365
558 887
558 534
558 75
558 138
558 642
558 777
558 645
559 503
559 709
559 1
559 95
559 559
559 324
559 760
559 931
559 415
559 883
559 353
559 971
559 231
559 357
559 794
559 350
560 44
560 748
560 357
560 308
560 199
560 825
560 204
560 812
560 675
561 40
561 455
561 886
561 752
561 375
561 732
561 200
561 120
561 628
561 808
561 138
562 13
562 610
562 947
562 664
562 604
562 194
562 582
562 677
562 92
562 775
562 186
562 964
562 717
562 76
562 78
562 167
563 50
563 252
563 701
563 148
563 679
563 236
563 453
563 622
564 239
564 39
564 302
564 32
564 976
564 765
564 960
564 696
564 923
564 72
564 733
565 132
565 869
565 795
565 846
565 329
565 674
565 100
565 514
565 172
565 392
566 437
566 622
566 4
566 833
566 81
566 74
566 135
566 334
566 710
566 115
566 303
566 300
566 559
567 938
567 101
567 249
567 949
567 547
567 818
567 745
567 192
567 358
567 276
567 905
568 220
568 504
568 826
568 709
568 83
568 964
568 337
569 703
569 975
569 443
569 759
569 727
569 952
569 673
569 550
569 932
569 64
569 998
569 679
569 680
569 921
570 675
570 582
570 804
570 652
570 82
570 153
570 915
570 572
571 528
571 572
571 10
571 557
571 943
571 294
571 123
572 373
572 677
572 139
572 432
572 878
572 667
572 165
573 390
573 140
573 874
573 737
573 477
573 248
573 953
574 416
574 324
574 526
574 17
574 861
574 974
574 548
574 54
574 696
574 326
575 3
575 801
575 656
575 953
575 556
575 100
575 192
575 24
575 566
575 250
576 53
576 957
576 982
576 751
576 546
576 680
576 725
576 99
576 718
576 22
576 267
577 875
577 660
577 711
577 572
577 371
577 753
577 795
577 346
577 478
577 437
577 588
577 376
578 796
578 438
578 61
578 335
578 148
578 702
578 17
579 52
579 224
580 487
580 597
580 687
580 10
580 50
580 968
580 517
580 557
580 756
580 549
580 160
580 71
581 736
581 573
581 703
581 398
581 912
581 630
581 900
581 364
581 520
581 532
581 662
581 674
582 583
582 914
582 326
582 883
582 785
582 871
582 302
582 416
582 205
582 403
583 536
583 574
583 139
583 853
583 585
583 749
583 660
583 717
583 748
584 871
584 127
584 899
584 947
584 350
584 530
584 866
584 237
584 265
584 460
585 243
585 431
585 106
585 125
585 681
585 292
585 765
585 102
585 589
586 799
586 48
586 931
586 255
586 57
586 144
586 250
586 577
587 418
587 947
587 781
587 259
587 798
587 257
587 284
587 120
587 489
587 134
587 485
587 255
587 270
588 213
588 490
588 106
588 983
588 510
588 513
588 992
589 208
589 313
589 466
589 635
589 520
589 519
590 428
590 777
590 813
590 338
590 962
590 324
590 497
590 212
590 294
590 371
590 239
590 611
590 367
591 602
591 380
591 195
591 526
591 155
591 471
591 565
592 386
592 607
592 541
592 993
592 82
592 387
592 377
592 892
592 354
592 908
592 578
592 376
592 917
592 817
593 825
593 164
593 530
593 552
593 709
593 225
593 580
594 131
594 971
594 751
594 689
594 627
594 798
594 594
594 747
594 165
594 243
595 287
595 70
595 826
595 855
595 470
595 666
595 623
595 621
595 176
595 933
595 685
595 961
595 968
595 246
595 18
596 922
596 925
596 999
596 960
596 307
596 703
596 433
596 383
596 87
596 853
596 631
596 427
596 39
597 584
597 385
597 650
597 801
597 560
597 253
598 760
598 951
598 99
598 880
598 738
598 534
598 471
598 382
598 931
598 395
598 401
599 346
599 323
599 622
599 872
599 678
599 11
600 127
600 219
600 63
600 231
600 808
600 756
600 132
601 568
601 283
601 585
601 704
601 200
601 581
601 755
601 775
601 228
601 841
601 300
601 752
602 51
602 462
602 173
602 366
602 312
603 252
603 16
603 759
603 846
603 153
603 517
604 639
604 481
604 224
604 62
604 324
604 527
604 268
604 93
605 694
605 769
605 667
605 776
605 850
605 406
605 208
605 984
605 448
605 2
605 209
605 307
605 547
605 886
606 784
606 719
606 982
606 232
606 173
606 255
606 866
606 487
606 249
606 586
606 639
606 824
606 160
606 747
606 121
607 770
607 488
607 702
607 613
607 617
607 435
607 46
607 332
607 924
607 93
607 655
608 335
608 449
608 121
608 687
608 659
608 473
608 799
608 993
608 930
609 192
609 17
609 175
609 879
609 940
609 18
609 29
609 33
609 85
609 318
609 980
609 805
609 674
609 338
610 404
610 575
610 33
610 373
610 1
610 597
610 364
610 519
610 220
610 644
611 410
611 843
611 927
611 674
612 768
612 637
612 75
612 954
612 687
612 12
612 882
612 303
612 327
612 608
612 186
612 927
613 626
613 560
613 16
613 953
613 598
613 578
613 884
613 229
613 270
613 249
613 951
613 989
613 686
614 39
614 389
614 402
614 118
614 519
614 49
614 869
614 489
614 548
614 957
615 149
615 173
615 255
615 431
615 323
615 108
615 994
615 826
615 245
615 809
615 482
615 333
615 976
615 250
616 104
616 107
616 428
616 317
616 282
616 620
616 283
616 225
616 113
616 995
616 336
616 86
616 99
617 990
617 430
617 514
617 969
617 696
617 621
617 412
617 747
617 788
617 486
617 866
617 120
618 664
618 631
618 844
618 458
618 9
618 243
618 962
618 51
618 326
619 9
619 308
619 341
619 35
619 836
619 918
619 533
619 862
619 140
619 17
619 424
620 682
620 276
620 588
620 610
620 821
621 306
621 471
621 381
621 311
621 608
621 181
621 219
621 421
621 475
621 902
622 223
622 731
622 195
622 15
622 979
622 455
622 359
622 613
623 942
623 352
623 201
623 273
623 539
624 952
624 202
624 493
624 379
624 147
624 469
624 757
624 294
625 502
625 14
625 930
625 909
625 575
625 305
625 569
625 494
625 37
625 327
625 82
625 373
626 286
626 553
626 200
626 497
626 40
626 463
626 856
626 55
626 383
626 11
626 777
627 266
627 258
627 276
627 947
627 507
627 931
627 252
627 489
627 193
627 895
628 389
628 458
628 461
628 142
628 6
628 70
628 792
628 462
628 494
628 723
628 495
628 308
628 721
629 225
629 649
629 127
629 343
629 171
629 813
629 955
629 452
629 511
630 899
630 396
630 893
630 641
630 725
630 646
630 515
630 885
630 175
630 271
630 753
630 493
630 506
630 925
630 545
630 888
630 996
631 654
631 642
631 575
631 52
631 1
631 741
631 894
631 172
631 501
631 944
631 738
631 717
631 656
631 46
631 660
631 788
632 816
632 836
632 536
632 898
632 65
632 888
632 741
632 958
632 421
632 252
632 138
632 584
633 537
633 385
633 629
633 307
633 182
633 41
633 994
634 344
634 380
634 415
634 725
634 681
634 372
635 586
635 87
635 474
635 470
635 389
635 352
635 296
636 30
636 428
636 578
636 955
636 906
636 795
636 775
636 384
636 19
636 291
636 141
636 947
636 753
636 819
636 501
636 373
637 690
637 773
637 646
637 42
637 52
637 589
637 446
637 386
637 808
637 806
638 856
638 984
638 214
638 448
638 991
638 816
638 564
638 662
638 531
638 867
638 490
638 593
639 308
639 84
639 703
639 754
639 157
639 107
639 217
639 440
639 156
639 239
640 783
640 563
640 851
640 14
640 718
640 872
640 985
640 504
640 705
640 381
640 906
641 557
641 625
641 805
641 995
641 60
641 456
641 529
641 572
641 334
641 692
641 550
642 977
642 184
642 603
642 2
642 394
642 194
642 398
642 511
642 739
642 221
643 165
643 568
643 264
643 868
643 259
643 839
643 69
643 479
644 959
644 775
644 28
644 780
644 297
644 134
644 16
644 952
644 532
644 408
644 518
644 898
645 12
645 455
645 861
645 306
645 219
645 818
645 953
645 875
645 803
645 913
646 467
646 662
646 875
646 576
646 125
646 53
646 706
647 887
647 587
647 581
647 193
647 417
647 304
647 615
648 626
648 352
648 182
648 247
648 680
648 756
648 480
648 374
648 877
648 665
648 430
648 946
648 539
649 885
649 365
649 316
649 408
649 201
649 571
649 113
650 870
650 748
650 745
650 200
650 694
650 751
650 617
650 449
651 406
651 879
651 667
651 353
651 456
651 25
651 722
651 893
651 564
651 500
651 860
651 871
651 385
652 151
652 800
652 93
652 726
652 458
652 703
652 502
652 971
653 957
653 515
653 678
653 676
653 959
653 931
653 902
653 131
653 124
653 16
653 503
654 356
654 107
654 169
654 835
654 661
654 794
654 469
654 870
654 645
654 509
654 708
655 299
655 314
655 833
655 363
655 418
655 62
655 769
655 748
655 571
655 590
655 746
655 264
655 362
655 575
655 222
656 823
656 269
656 734
656 177
656 120
656 68
656 855
656 287
656 216
656 421
656 485
656 529
656 637
656 265
657 20
657 412
657 219
657 140
657 57
657 170
657 759
657 178
657 410
657 316
658 611
658 500
658 771
658 123
658 925
658 907
658 368
658 255
658 618
658 957
658 987
658 675
658 929
659 734
659 887
659 16
659 849
659 156
659 317
659 96
659 493
659 190
659 664
660 628
660 28
660 396
660 446
660 953
660 44
660 486
660 508
660 757
660 968
660 512
661 204
661 657
661 895
661 785
661 850
661 996
661 712
662 38
662 67
662 73
662 982
662 114
662 472
662 955
662 103
662 327
663 187
663 983
663 561
663 341
663 504
663 912
664 48
664 948
664 360
664 224
664 576
664 205
664 603
664 607
664 684
664 569
664 58
664 591
664 458
664 178
664 323
665 622
665 372
665 485
665 132
665 915
665 440
665 939
665 207
665 529
665 269
665 337
665 89
666 435
666 434
666 464
666 217
666 474
666 858
667 906
667 232
667 256
667 83
667 118
667 142
667 890
667 46
667 718
667 697
668 605
668 190
668 271
668 84
668 513
668 813
668 863
668 505
669 721
669 362
669 160
669 103
669 108
669 607
669 185
669 25
669 278
669 465
669 711
669 634
669 579
669 513
670 363
670 661
670 875
670 335
670 574
670 642
670 180
671 442
671 332
671 430
671 665
671 915
671 79
671 903
672 711
672 10
672 976
672 161
672 357
672 222
672 490
672 192
672 347
672 446
672 716
672 177
672 364
672 842
673 565
673 423
673 898
673 561
673 896
673 381
673 699
673 575
673 196
674 798
674 143
674 681
674 316
674 574
674 369
674 206
674 857
674 664
674 818
674 933
675 219
675 137
675 511
675 334
675 638
675 564
675 80
675 584
675 403
675 929
675 794
675 775
675 818
675 704
675 496
675 574
676 836
676 817
676 642
676 571
676 906
676 919
676 504
677 412
677 264
677 520
677 784
677 558
677 399
677 396
677 803
677 347
677 657
677 74
678 80
678 954
678 407
678 701
678 295
678 105
678 299
678 733
678 662
678 307
679 144
679 27
679 257
679 814
679 104
679 617
680 932
680 959
680 988
680 42
680 284
680 862
680 967
680 458
680 727
681 144
681 783
681 708
681 76
681 402
681 14
681 904
681 551
681 261
681 809
681 184
681 78
681 671
681 895
682 969
682 647
682 672
682 516
682 658
682 500
682 730
682 731
682 423
682 616
682 276
683 239
683 794
683 918
683 259
683 558
683 933
683 116
683 417
683 105
683 458
684 491
684 474
684 302
684 294
684 702
684 833
684 803
684 928
684 574
684 342
684 432
684 65
684 571
685 74
685 782
685 330
685 597
685 138
685 796
685 349
685 448
686 609
686 681
686 142
686 59
686 38
686 186
687 538
687 601
687 692
687 257
687 105
687 868
687 797
687 857
687 646
688 660
688 886
688 569
688 867
688 250
688 72
689 19
689 211
689 580
689 719
689 47
689 408
689 460
690 303
690 275
690 625
690 924
691 415
691 542
691 884
691 707
691 307
691 739
692 433
692 633
692 367
692 719
692 815
692 196
692 156
692 193
692 789
692 260
693 248
693 579
693 265
693 483
693 763
693 596
693 326
693 452
693 663
693 936
693 769
693 414
693 332
693 453
694 254
694 494
694 824
694 521
694 313
694 263
694 442
694 988
694 899
694 286
695 583
695 495
695 192
695 363
695 729
695 889
695 988
695 168
695 467
695 474
695 129
695 328
695 581
695 299
695 104
695 817
695 171
696 211
696 388
696 146
696 72
696 446
696 132
696 430
696 653
696 249
697 295
697 329
697 895
697 86
697 688
697 132
697 26
697 366
697 94
697 262
697 942
697 220
698 834
698 830
698 196
698 347
698 970
698 597
698 392
698 812
698 8
699 452
699 192
699 840
699 416
699 213
699 539
700 189
700 400
700 274
700 486
700 622
700 297
700 605
700 702
700 979
700 549
700 926
700 224
700 780
701 848
701 137
701 178
701 398
701 881
701 340
701 911
702 298
702 775
702 457
702 329
702 677
702 112
702 3
702 447
703 660
703 643
703 209
703 832
703 615
703 286
703 72
703 928
704 229
704 965
704 600
704 403
704 165
704 699
704 72
704 565
704 630
704 546
704 391
704 256
704 637
705 129
705 18
705 981
705 716
705 576
705 854
705 166
706 817
706 454
706 791
706 588
706 230
706 875
706 769
706 981
706 418
706 821
706 155
706 197
707 902
707 689
707 942
707 508
707 173
707 360
707 539
707 600
707 829
707 138
708 633
708 834
708 882
708 373
708 272
708 59
708 284
708 328
708 575
708 159
708 918
709 281
709 229
709 572
709 316
709 264
709 683
709 449
710 485
710 573
710 979
710 442
710 933
710 575
710 377
710 555
710 305
710 335
710 196
711 485
711 743
711 984
711 471
711 519
711 691
711 902
711 416
712 714
712 245
712 187
712 641
712 976
713 327
713 52
713 262
713 816
713 619
713 997
713 600
713 931
713 450
713 343
713 45
714 590
714 566
714 685
714 949
714 446
714 856
714 72
715 400
715 652
715 133
715 783
715 15
715 598
715 284
715 121
715 901
715 191
715 433
715 622
715 321
715 859
715 487
716 251
716 202
716 640
716 551
716 972
716 657
716 581
716 847
716 767
716 75
716 564
716 61
716 299
716 136
716 220
716 82
716 0
716 783
717 914
717 873
717 284
717 278
717 740
717 728
717 9
717 475
717 875
717 43
718 300
718 176
718 524
718 81
718 264
719 906
719 563
719 957
719 938
719 377
719 71
719 399
719 111
719 795
719 196
719 776
719 277
719 272
719 419
720 834
720 605
720 435
720 201
720 636
720 571
720 537
720 876
720 680
720 841
720 997
720 928
721 170
721 912
722 231
722 584
722 894
722 457
722 170
722 370
722 153
722 337
722 882
723 589
723 876
723 607
723 797
723 184
723 109
723 320
723 920
723 667
724 41
724 75
724 726
724 461
724 593
724 235
724 274
724 784
724 254
724 577
724 536
725 339
725 717
725 836
725 433
725 504
725 38
725 954
725 278
725 817
725 131
725 993
726 537
726 525
726 782
726 196
726 741
726 284
726 947
726 402
726 564
726 882
726 812
727 545
727 559
727 567
727 287
727 369
727 814
727 99
727 447
728 266
728 224
728 193
728 450
728 622
728 878
729 243
729 355
729 993
729 130
729 413
729 791
729 459
729 889
729 944
730 754
730 10
730 626
730 95
730 103
730 270
730 776
730 900
730 992
730 554
730 798
730 102
731 397
731 296
731 489
731 180
731 670
731 196
731 91
731 375
731 774
731 349
731 28
731 500
731 639
731 477
731 231
732 109
732 805
732 651
732 728
732 303
732 41
733 702
733 570
733 33
733 532
733 180
733 326
733 810
733 667
733 255
734 100
734 86
734 7
734 548
734 936
734 298
734 348
734 761
734 939
734 335
734 871
734 635
734 953
734 500
734 6
734 990
735 978
735 931
735 77
735 427
736 988
736 830
736 448
736 396
736 902
736 244
736 699
737 742
737 496
737 598
737 671
737 93
737 626
737 733
737 944
737 824
737 945
738 453
738 187
738 15
738 995
738 786
738 972
738 109
738 316
738 439
739 14
739 552
739 332
739 362
739 497
740 640
740 488
740 837
740 947
740 438
741 460
741 982
741 271
741 415
741 841
741 10
741 847
741 204
742 136
742 668
742 892
742 112
742 311
742 404
743 520
743 396
743 719
743 731
743 370
743 828
743 998
743 307
743 89
743 768
743 707
743 931
744 541
744 502
744 244
744 556
744 95
744 616
744 10
744 272
744 338
744 29
744 988
744 672
744 837
744 881
745 853
745 118
745 453
745 99
745 876
745 965
745 998
745 36
745 130
745 873
745 822
745 942
745 154
746 487
746 908
746 669
746 613
746 823
746 722
746 261
746 815
746 350
746 339
747 447
747 769
747 74
747 149
747 419
747 551
747 250
747 697
748 502
748 781
748 213
748 939
748 961
748 231
748 124
748 376
748 78
748 946
749 446
749 473
749 539
749 263
749 25
750 610
750 907
750 285
750 236
750 115
750 461
750 757
750 86
750 935
751 532
751 111
751 730
751 65
751 587
751 50
751 405
751 115
751 145
751 472
752 408
752 677
752 302
752 742
752 812
752 39
752 345
752 19
753 175
753 509
753 309
753 689
753 499
753 369
753 316
753 553
753 182
753 343
753 18
754 267
754 49
754 455
754 625
754 415
754 580
754 353
754 865
754 926
754 787
754 928
754 107
754 835
755 261
755 984
755 103
755 594
755 238
755 455
755 258
755 717
755 989
755 655
755 250
755 122
756 318
756 574
756 266
756 211
756 786
756 547
756 114
756 180
756 257
756 892
757 588
757 651
757 382
757 529
757 440
757 824
757 925
757 642
758 577
758 461
758 840
758 869
758 817
758 781
758 329
758 146
758 626
758 250
758 287
758 94
759 98
759 673
759 764
759 106
759 79
759 291
759 369
759 576
759 229
759 220
759 296
759 507
759 171
759 162
760 544
760 363
760 536
760 449
760 500
760 280
760 381
760 807
760 825
761 606
761 429
761 570
761 168
761 669
761 827
762 495
762 250
762 109
762 199
762 266
762 86
762 857
762 530
762 444
762 697
762 186
763 237
763 636
763 63
763 951
763 584
763 786
763 724
763 251
763 478
763 900
763 518
763 587
763 479
764 178
764 993
764 273
764 659
764 205
764 263
764 45
764 494
764 231
764 974
764 128
764 25
765 334
765 774
765 99
765 990
765 447
765 723
765 554
766 848
766 170
766 323
766 356
766 212
766 167
766 915
766 473
766 186
766 605
767 872
767 211
767 575
767 742
768 932
768 21
768 58
768 946
768 284
768 307
768 309
768 501
768 576
768 447
768 132
768 725
768 704
769 523
769 248
769 563
769 472
769 859
770 216
770 356
770 517
770 302
770 259
770 392
770 270
770 80
770 945
771 885
771 762
771 896
771 306
771 703
771 30
772 536
772 152
772 865
772 828
772 146
772 54
772 965
772 433
772 455
773 352
773 740
773 909
773 99
773 618
773 767
773 31
774 340
774 371
774 286
774 331
774 86
774 826
774 242
774 235
774 10
774 89
774 728
775 474
775 832
775 695
775 676
775 281
775 774
775 317
775 697
775 282
775 292
775 333
775 977
776 364
776 807
776 246
776 327
776 289
776 234
776 269
777 428
777 27
777 558
777 211
777 747
777 754
777 295
778 913
778 813
778 124
778 635
778 800
779 851
779 657
779 635
779 886
779 827
779 717
779 630
779 422
779 185
780 505
780 639
780 999
780 306
780 787
780 433
780 766
780 670
780 258
780 342
781 853
781 533
781 269
781 690
781 992
781 493
781 308
781 142
781 152
782 588
782 633
782 294
782 222
782 217
782 970
782 985
782 684
782 31
783 843
783 390
783 730
783 170
783 716
783 294
783 99
783 388
783 147
784 588
784 101
784 728
784 361
784 426
784 834
784 325
784 294
785 673
785 448
785 799
785 15
785 62
785 497
785 658
785 822
785 94
785 633
785 458
786 398
786 593
786 946
786 420
786 648
786 706
786 54
786 609
786 619
787 151
787 32
787 28
787 641
787 199
787 157
787 551
787 715
787 888
788 433
788 536
788 862
788 751
788 979
788 140
789 685
789 108
789 170
789 275
789 248
789 347
789 339
789 777
790 131
790 573
790 392
790 230
790 507
790 271
790 676
790 247
790 158
790 108
790 789
790 838
791 208
791 375
791 118
791 967
791 212
791 269
791 833
791 870
791 793
791 930
791 840
791 589
792 183
792 442
792 542
792 37
792 531
792 280
792 91
792 528
793 969
793 927
793 914
793 309
793 582
793 581
793 922
793 302
793 917
793 610
793 246
793 920
793 104
793 627
793 220
793 614
794 240
794 984
794 493
794 893
794 331
794 220
794 947
794 145
794 434
794 393
795 316
795 548
795 604
795 924
795 852
795 486
795 395
795 534
795 597
795 103
796 462
796 655
796 425
796 461
796 586
796 98
796 133
796 193
796 771
796 269
796 711
797 956
797 655
797 465
797 352
797 64
797 431
798 166
798 603
798 851
798 526
798 756
798 1
798 868
798 848
798 21
798 50
798 311
798 236
798 360
798 376
799 255
799 177
799 574
799 440
799 947
799 407
799 70
799 880
799 834
799 507
800 670
800 547
800 629
800 708
800 52
800 82
800 605
800 112
800 66
800 576
800 65
800 548
800 399
800 81
801 576
801 92
801 963
801 699
801 903
801 671
801 520
801 495
801 304
801 925
801 393
801 346
801 924
801 842
801 897
801 267
802 921
802 797
802 897
802 57
802 104
803 662
803 152
803 753
803 165
803 519
803 398
803 986
803 239
803 460
803 128
803 516
804 350
804 930
804 883
804 777
804 887
804 92
804 263
804 940
805 407
805 761
805 519
805 576
805 25
805 258
805 203
805 11
805 202
806 319
806 860
806 482
806 665
806 82
806 788
806 340
806 470
806 327
806 505
807 880
807 704
807 206
807 856
807 907
807 1
807 168
807 839
807 436
807 825
807 693
807 816
807 468
808 778
808 347
808 203
808 736
808 118
808 631
808 186
808 714
808 993
808 526
808 990
809 749
809 193
809 378
809 665
809 396
809 203
809 68
809 209
809 0
809 433
809 774
809 493
809 767
809 654
810 235
810 539
810 978
810 150
810 910
810 609
810 560
810 981
810 906
811 317
811 249
811 834
811 814
811 111
811 760
811 193
811 943
811 915
811 602
811 410
812 834
812 15
812 851
812 86
812 323
812 275
812 711
812 39
812 609
812 808
812 862
812 871
813 580
813 997
813 945
813 842
813 794
813 91
813 77
814 703
814 678
814 96
814 3
814 351
814 601
814 628
814 72
814 936
814 714
814 752
814 126
815 202
815 771
815 7
815 34
815 586
815 713
815 400
815 549
815 853
816 908
816 227
816 490
816 645
816 976
816 293
816 952
816 840
816 754
816 997
816 564
817 249
817 920
817 665
817 415
817 294
817 874
817 952
817 349
817 544
817 546
817 713
817 603
818 296
818 585
818 917
818 766
819 690
819 551
819 701
819 592
819 344
819 797
819 144
819 625
819 86
819 940
819 669
820 567
820 916
820 649
820 831
820 191
820 590
820 471
820 630
820 54
820 144
820 587
820 278
820 150
820 221
821 422
821 388
821 253
821 892
821 478
821 823
821 513
821 348
821 675
821 690
821 777
821 949
821 616
821 230
822 487
822 843
822 43
822 901
822 67
822 13
823 884
823 690
823 861
823 478
823 238
823 937
823 36
823 568
824 200
824 712
824 38
824 79
824 969
824 766
824 517
824 113
824 631
824 999
824 431
825 378
825 480
825 328
825 984
825 331
825 140
825 125
825 664
825 466
825 153
825 343
825 300
825 210
825 833
826 552
826 757
826 911
826 226
826 528
826 586
826 467
826 390
826 219
826 676
826 190
826 490
826 766
826 345
826 368
826 874
826 866
826 971
826 879
826 158
827 962
827 909
827 536
827 505
827 12
827 249
827 696
827 989
827 996
827 808
827 648
828 161
828 891
828 651
828 919
828 702
828 600
828 657
829 29
829 390
829 320
829 527
829 851
829 351
829 356
829 325
829 129
829 625
829 240
829 637
830 402
830 896
830 102
830 516
830 97
830 849
830 523
830 977
830 957
830 711
830 556
830 641
830 533
830 752
830 662
831 427
831 377
831 316
831 661
831 738
831 886
832 216
832 485
832 965
832 296
832 526
833 405
833 453
833 200
833 488
833 42
833 496
833 227
833 982
833 912
833 375
833 485
834 775
834 909
834 275
834 857
834 15
834 860
834 704
834 78
834 833
835 488
835 933
835 905
835 133
835 352
835 582
835 349
835 981
836 328
836 801
836 104
836 495
836 177
836 840
836 897
836 139
836 379
836 100
837 840
837 685
837 843
837 602
837 951
837 231
837 771
837 647
837 636
837 860
838 192
838 213
838 456
838 549
838 301
838 231
838 155
838 362
838 603
838 191
838 941
839 521
839 707
839 474
839 853
839 310
839 95
839 795
839 624
839 530
840 159
840 25
841 8
841 931
841 550
841 436
841 923
841 139
841 847
841 515
841 919
841 496
842 68
842 727
842 920
842 521
842 830
842 621
842 813
842 217
842 958
842 588
842 858
842 800
842 234
842 624
843 400
843 831
843 874
843 701
843 629
843 71
843 286
843 294
843 254
843 232
843 505
843 715
843 241
843 656
843 300
843 6
844 386
844 678
844 239
844 219
844 416
844 671
844 904
844 286
844 666
845 280
845 881
845 21
845 69
845 961
845 660
845 253
845 771
845 769
846 729
846 183
846 151
846 953
846 936
846 275
846 720
846 233
846 559
846 54
846 10
846 601
846 576
847 936
847 533
847 480
847 884
847 189
847 229
847 95
847 924
847 645
847 934
847 111
848 764
848 832
848 113
848 858
848 492
848 413
848 88
848 700
849 605
849 419
849 132
849 85
849 449
849 72
849 714
849 366
849 489
849 668
849 434
849 81
849 406
849 465
849 927
850 843
850 758
850 86
850 674
850 562
850 112
850 91
850 360
850 110
850 542
850 227
850 935
851 574
851 426
851 835
851 48
851 393
851 502
851 396
851 828
851 472
852 884
852 175
852 268
852 67
852 986
852 810
852 155
852 942
853 37
853 905
853 984
853 373
853 684
853 952
853 877
854 681
854 135
854 351
854 333
854 819
854 606
854 108
854 443
854 313
855 238
855 62
855 489
855 339
855 471
856 481
856 765
856 237
856 838
856 606
856 712
856 295
856 964
856 134
856 585
856 168
857 422
857 535
857 295
857 717
857 667
857 113
857 653
857 71
857 501
857 456
857 338
858 588
858 392
858 862
858 220
858 592
858 688
859 780
859 560
859 878
859 18
859 164
859 0
859 884
859 60
859 396
859 208
859 38
859 541
859 395
859 864
859 813
860 795
860 765
860 433
860 486
860 801
860 804
860 213
860 242
860 195
860 965
860 577
860 302
861 515
861 882
861 319
861 736
861 959
861 197
861 854
861 574
862 689
862 885
862 284
862 653
862 221
862 267
862 256
862 892
862 178
862 463
863 88
863 683
863 559
863 444
863 67
863 704
863 983
863 234
864 139
864 718
864 94
864 7
864 904
864 416
864 625
864 817
864 179
865 664
865 472
865 841
865 370
865 906
865 172
865 628
865 399
865 198
865 83
865 63
866 513
866 912
866 556
866 721
866 882
866 547
866 263
866 447
867 460
867 352
867 459
867 502
867 725
867 492
867 847
867 929
867 709
867 520
867 105
867 629
867 767
868 673
868 606
868 810
868 830
868 330
868 750
868 579
868 3
868 179
868 865
868 866
868 925
868 827
869 9
869 277
869 630
869 139
869 755
869 580
869 880
869 391
869 211
869 460
869 705
869 625
870 344
870 437
870 493
870 619
870 751
870 455
870 844
870 561
870 733
870 597
870 610
870 332
871 348
871 835
871 964
871 534
871 959
872 818
872 810
872 950
872 234
872 676
872 605
872 208
873 573
873 9
873 814
873 725
873 169
873 448
873 524
874 354
874 284
874 448
874 905
874 878
874 161
874 584
875 265
875 317
875 273
875 113
875 918
875 547
875 700
875 440
875 186
876 852
876 390
876 245
876 168
876 3
876 971
876 334
876 213
876 878
876 173
876 367
876 903
877 795
877 821
877 238
877 103
877 185
877 571
877 876
877 531
878 602
878 758
878 641
878 971
878 598
878 808
878 886
878 969
878 361
878 528
878 600
878 175
878 379
878 281
879 203
879 362
879 549
879 630
879 391
879 112
879 791
879 524
879 760
879 687
879 901
879 373
880 961
880 619
880 889
880 838
880 198
880 255
880 144
880 29
880 43
880 456
881 184
881 531
881 579
881 571
881 405
881 448
881 200
881 170
881 576
881 86
881 391
881 538
881 921
881 745
881 382
882 302
882 198
882 467
882 530
882 784
882 883
883 705
883 385
883 665
883 254
883 758
883 435
883 495
883 815
884 795
884 837
884 708
884 747
884 661
884 660
884 982
884 212
884 818
885 914
885 430
885 714
885 859
885 262
885 421
885 585
885 361
885 165
885 451
885 416
886 573
886 575
886 769
886 728
886 32
886 933
886 285
886 160
886 639
887 978
887 911
887 753
887 535
887 742
887 411
887 561
887 577
887 803
888 405
888 229
888 336
888 809
888 151
888 749
888 80
888 707
888 784
888 563
888 186
889 119
889 161
889 793
889 808
889 389
889 759
889 975
889 609
890 603
890 426
890 583
890 871
890 874
890 595
890 376
890 938
890 736
890 151
890 546
891 770
891 928
891 545
891 764
891 221
891 796
891 206
892 609
892 998
892 1
892 403
892 987
892 523
892 644
892 755
892 397
892 202
892 301
892 28
892 56
892 766
892 540
893 241
893 593
893 40
893 64
893 300
893 142
893 803
893 299
894 42
894 173
894 270
894 891
894 241
894 418
894 518
895 458
895 892
895 848
895 981
895 794
895 805
895 381
895 783
895 358
895 587
895 897
896 112
896 632
896 425
896 592
896 748
896 901
896 211
896 830
896 755
896 118
896 45
896 481
896 722
896 537
897 299
897 536
897 433
897 391
897 507
897 541
897 926
897 437
897 836
897 835
897 947
898 283
898 289
898 910
898 463
898 302
898 585
899 628
899 716
899 98
899 935
899 698
899 304
900 570
900 38
900 171
900 130
900 152
900 340
900 186
901 581
901 496
901 219
901 876
901 174
901 744
901 192
901 525
901 642
901 815
902 187
902 282
902 12
902 520
902 944
902 6
902 212
902 632
902 216
902 582
902 804
902 600
903 853
903 134
903 21
903 995
903 246
903 360
903 275
903 990
903 183
903 371
903 959
903 245
904 588
904 322
904 647
904 336
904 331
904 160
904 782
904 328
904 574
904 790
904 426
904 176
905 403
905 378
905 856
905 206
906 587
906 557
906 807
906 935
906 844
906 550
907 30
907 656
907 357
907 110
907 970
907 531
907 651
907 474
908 834
908 990
908 200
908 76
908 397
908 243
908 238
908 17
908 724
908 675
908 841
908 136
909 412
909 815
909 793
909 849
909 332
909 997
909 335
909 385
909 987
909 452
910 770
910 41
910 823
910 790
910 158
910 819
910 259
910 123
910 882
910 464
910 428
911 528
911 275
911 406
911 440
911 788
911 37
911 439
911 608
911 52
911 328
911 918
911 126
911 936
911 983
912 124
912 681
912 588
912 47
912 656
912 905
912 506
912 291
912 212
912 601
912 641
912 718
912 893
912 949
912 892
912 25
913 610
913 110
913 651
913 250
913 100
913 359
913 762
913 592
913 292
913 45
914 315
914 982
914 578
914 159
914 531
914 676
915 690
915 399
915 130
915 161
915 491
915 948
915 784
915 913
916 338
916 683
916 476
916 575
916 198
916 345
916 328
916 827
916 185
916 70
916 167
916 323
916 216
916 41
916 83
917 805
917 67
917 803
917 322
917 548
917 832
917 194
917 932
917 103
917 393
918 956
918 879
918 622
918 9
918 113
918 5
918 602
919 71
919 974
919 203
919 27
919 265
919 716
919 715
919 855
920 139
920 986
920 770
920 629
920 83
920 748
920 131
920 494
920 48
920 587
920 886
920 91
920 677
921 373
921 737
921 893
921 454
921 631
921 986
921 934
921 121
921 673
922 459
922 601
922 533
922 562
922 49
922 878
922 782
922 727
923 333
923 737
923 933
923 822
923 302
923 77
923 300
923 344
923 203
923 777
924 351
924 242
924 26
924 946
924 85
924 512
924 306
924 2
924 932
925 48
925 609
925 600
925 74
925 323
925 755
925 526
925 79
925 6
925 470
925 605
925 113
926 936
926 438
926 0
926 513
926 561
926 550
926 406
927 70
927 287
927 506
927 329
927 155
927 845
927 185
927 511
928 381
928 356
928 977
928 896
928 4
928 922
928 670
928 897
928 369
928 856
928 804
928 98
929 418
929 575
929 178
929 725
929 532
929 500
929 90
929 902
929 186
929 732
929 508
929 430
929 439
929 981
929 803
930 886
930 408
930 497
930 575
930 708
930 328
930 666
931 791
931 521
931 755
931 111
931 733
931 631
931 995
931 890
931 756
932 588
932 255
932 842
932 201
932 370
932 698
932 435
932 723
932 971
932 848
932 193
932 866
932 944
932 649
933 736
933 892
933 521
933 974
933 488
933 96
933 120
933 145
933 423
933 876
933 755
934 736
934 585
934 173
934 741
934 822
934 285
934 965
934 947
934 677
934 523
934 613
934 490
935 599
935 493
935 894
935 527
935 603
936 533
936 243
936 816
936 935
936 433
936 601
936 138
937 742
937 638
937 900
937 475
937 375
937 376
937 497
937 890
937 538
937 321
937 720
937 330
937 460
938 539
938 187
938 57
938 702
938 619
938 578
938 273
939 30
939 350
939 53
939 121
939 353
939 432
939 283
939 797
939 677
939 974
939 445
940 190
940 508
940 182
940 98
940 628
940 478
940 195
940 903
941 25
941 459
941 814
941 639
941 513
941 666
941 323
942 140
942 35
942 426
942 850
942 165
942 14
942 166
942 896
942 591
942 943
942 452
942 642
942 931
942 469
942 825
943 52
943 20
943 411
943 855
943 423
943 860
943 100
943 782
943 599
943 89
943 39
944 655
944 786
944 316
944 689
944 990
944 906
944 897
944 85
944 640
944 337
945 274
945 278
945 760
945 569
945 16
945 449
945 742
945 152
945 753
945 202
945 957
945 17
945 492
945 297
946 930
946 658
946 909
946 593
946 143
946 620
946 468
946 129
946 860
947 316
947 537
947 822
947 894
947 396
947 978
947 330
947 702
947 234
947 548
947 204
947 462
947 10
947 737
948 930
948 141
948 68
948 913
948 665
949 468
949 750
949 803
949 315
949 814
949 168
949 780
949 397
949 228
949 507
949 910
949 740
950 59
950 819
950 949
950 212
950 206
951 728
951 980
951 803
951 996
951 845
951 364
952 799
952 984
952 526
952 518
952 402
952 828
952 471
952 664
952 892
953 213
953 951
953 302
953 553
953 23
953 618
953 305
953 513
953 406
954 318
954 702
954 99
954 56
954 668
954 170
954 619
954 965
954 735
955 552
955 798
955 166
955 55
955 641
955 692
955 962
955 472
955 704
955 735
955 32
955 159
955 819
956 764
956 706
956 672
956 368
957 672
957 398
957 427
957 253
957 636
957 465
957 357
957 308
957 586
957 259
957 624
957 572
957 559
958 552
958 147
958 142
959 834
959 685
959 459
959 417
959 86
959 580
959 102
959 213
959 669
959 674
959 232
960 473
960 875
960 825
960 920
960 529
960 25
960 422
960 188
960 507
960 908
960 144
960 281
960 376
961 283
961 23
961 134
961 876
961 946
961 49
961 412
961 707
961 937
961 718
962 694
962 813
962 728
962 422
962 842
962 631
962 237
962 401
962 448
962 737
963 868
963 850
963 237
963 758
963 159
963 821
963 133
963 325
963 406
963 531
963 548
964 594
964 665
964 790
964 627
964 697
964 314
964 399
964 825
964 694
964 346
964 838
965 57
965 984
965 396
965 971
965 284
965 848
965 726
965 934
965 939
965 881
966 267
966 73
966 874
966 266
966 544
966 134
966 808
966 742
966 814
966 21
966 867
966 720
966 332
967 279
967 341
967 586
967 101
967 825
967 736
967 384
967 603
967 594
967 607
968 535
968 237
968 446
968 309
968 249
968 491
968 170
968 856
968 330
968 935
968 275
968 485
969 204
969 841
969 871
969 511
969 75
969 531
969 751
969 451
969 180
969 926
969 723
970 576
970 759
970 208
970 607
970 201
970 339
970 650
970 646
970 45
970 183
970 536
970 781
971 630
971 243
971 488
971 704
971 519
971 749
971 852
971 238
971 467
971 706
971 984
971 679
971 52
971 905
972 864
972 74
972 599
972 353
972 847
972 407
972 624
972 965
972 988
972 121
973 536
973 852
973 621
973 342
973 616
973 394
973 2
973 816
973 886
973 681
973 995
973 135
973 357
973 228
973 355
974 240
974 837
974 372
974 30
974 382
974 487
974 381
974 900
974 204
975 404
975 199
975 732
975 928
975 277
975 47
975 112
975 571
975 644
975 998
976 198
976 945
976 861
976 682
976 231
976 721
976 210
976 9
976 206
976 485
976 704
976 959
976 666
977 315
977 367
977 204
977 347
977 567
977 945
977 555
977 360
977 984
977 644
977 874
978 306
978 884
978 314
978 427
978 971
978 494
978 590
978 245
978 51
979 793
979 309
979 94
979 648
979 332
979 861
979 941
979 108
979 848
979 146
979 918
979 387
979 955
979 885
979 601
979 634
979 148
980 748
980 319
980 661
980 362
980 117
980 133
980 530
980 191
980 263
980 353
980 320
980 208
980 422
981 371
981 933
981 481
981 494
981 202
981 497
981 761
981 363
981 867
981 772
981 18
982 495
982 292
982 677
982 57
982 14
982 364
982 740
982 350
982 531
982 671
982 717
983 378
983 721
983 579
983 399
983 935
983 228
983 373
983 774
983 777
983 507
983 388
983 659
983 130
983 575
983 649
983 391
984 953
984 554
984 553
984 224
984 520
984 797
984 254
984 355
984 363
984 509
984 239
984 772
984 452
984 938
985 472
985 177
985 406
985 780
985 211
985 431
985 735
985 357
986 169
986 158
986 160
986 250
986 546
986 616
986 315
986 377
987 85
987 326
987 993
987 955
987 945
987 699
987 10
987 539
987 988
987 803
987 923
987 296
988 121
988 889
988 795
988 772
988 692
988 720
989 143
989 978
989 200
989 992
989 296
989 507
989 527
989 385
990 993
990 707
990 370
990 465
990 275
990 913
990 911
990 281
990 385
990 567
990 289
990 128
990 711
991 499
991 482
991 643
991 740
991 11
991 297
991 361
991 45
992 904
992 995
992 982
992 408
992 215
992 612
992 251
992 248
992 51
992 564
992 270
992 749
992 912
993 674
993 467
993 204
993 787
993 93
993 577
993 470
993 516
993 888
993 77
993 32
993 465
993 277
993 619
994 941
994 798
994 589
994 765
994 664
994 974
994 77
994 706
994 775
994 477
994 668
995 853
995 804
995 955
995 681
995 687
995 168
995 578
995 20
995 238
995 539
995 790
995 857
996 7
996 802
996 582
996 866
996 436
996 458
996 881
996 183
996 896
996 676
996 478
996 140
996 544
996 721
997 757
997 865
997 254
997 580
997 833
997 394
997 933
997 687
997 81
997 479
997 505
997 793
997 958
998 595
998 364
998 714
998 883
998 131
998 763
998 253
999 668
999 386
999 909
999 18
999 787
999 150
999 763
999 399
999 912
999 34
